-1.38763E+02
-1.33834E+02
-1.28907E+02
-1.23983E+02
-1.19062E+02
-1.14143E+02
-1.09228E+02
-1.04315E+02
-9.94041E+01
-9.44964E+01
-8.95913E+01
-8.46890E+01
-7.97893E+01
-7.48923E+01
-6.99980E+01
-6.51064E+01
-6.02174E+01
-5.53312E+01
-5.04475E+01
-4.55666E+01
-4.06883E+01
-3.58127E+01
-3.09397E+01
-2.60694E+01
-2.12018E+01
-1.63368E+01
-1.14745E+01
-6.61477E+00
-1.75774E+00
 3.09665E+00
 7.94840E+00
 1.27975E+01
 1.76440E+01
 2.24878E+01
 2.73290E+01
 3.21675E+01
 3.70034E+01
 4.18367E+01
 4.66674E+01
 5.14954E+01
 5.63208E+01
 6.11436E+01
 6.59638E+01
 7.07813E+01
 7.55962E+01
 8.04085E+01
 8.52182E+01
 9.00253E+01
 9.48298E+01
 9.96317E+01
 1.04431E+02
 1.09228E+02
 1.14022E+02
 1.18813E+02
 1.23602E+02
 1.28388E+02
 1.33172E+02
 1.37953E+02
 1.42732E+02
 1.47508E+02
 1.52281E+02
 1.57052E+02
 1.61820E+02
 1.66585E+02
 1.71348E+02
 1.76109E+02
 1.80867E+02
 1.85622E+02
 1.90375E+02
 1.95125E+02
 1.99873E+02
 2.04618E+02
 2.09360E+02
 2.14100E+02
 2.18837E+02
 2.23572E+02
 2.28304E+02
 2.33034E+02
 2.37761E+02
 2.42486E+02
 2.47208E+02
 2.51927E+02
 2.56644E+02
 2.61359E+02
 2.66071E+02
 2.70780E+02
 2.75487E+02
 2.80191E+02
 2.84893E+02
 2.89592E+02
 2.94289E+02
 2.98983E+02
 3.03675E+02
 3.08364E+02
 3.13050E+02
 3.17735E+02
 3.22416E+02
 3.27095E+02
 3.31772E+02
 3.36446E+02
 3.41117E+02
 3.45786E+02
 3.50453E+02
 3.55117E+02
 3.59779E+02
 3.64438E+02
 3.69094E+02
 3.73748E+02
 3.78400E+02
 3.83049E+02
 3.87695E+02
 3.92340E+02
 3.96981E+02
 4.01620E+02
 4.06257E+02
 4.10891E+02
 4.15523E+02
 4.20152E+02
 4.24779E+02
 4.29403E+02
 4.34025E+02
 4.38644E+02
 4.43261E+02
 4.47875E+02
 4.52487E+02
 4.57097E+02
 4.61704E+02
 4.66309E+02
 4.70911E+02
 4.75510E+02
 4.80108E+02
 4.84702E+02
 4.89295E+02
 4.93884E+02
 4.98472E+02
 5.03057E+02
 5.07639E+02
 5.12220E+02
 5.16797E+02
 5.21372E+02
 5.25945E+02
 5.30516E+02
 5.35084E+02
 5.39649E+02
 5.44212E+02
 5.48773E+02
 5.53331E+02
 5.57887E+02
 5.62440E+02
 5.66991E+02
 5.71540E+02
 5.76086E+02
 5.80630E+02
 5.85171E+02
 5.89710E+02
 5.94247E+02
 5.98781E+02
 6.03313E+02
 6.07842E+02
 6.12369E+02
 6.16893E+02
 6.21416E+02
 6.25935E+02
 6.30453E+02
 6.34968E+02
 6.39480E+02
 6.43990E+02
 6.48498E+02
 6.53004E+02
 6.57507E+02
 6.62007E+02
 6.66506E+02
 6.71002E+02
 6.75495E+02
 6.79986E+02
 6.84475E+02
 6.88961E+02
 6.93446E+02
 6.97927E+02
 7.02407E+02
 7.06884E+02
 7.11358E+02
 7.15830E+02
 7.20300E+02
 7.24768E+02
 7.29233E+02
 7.33696E+02
 7.38157E+02
 7.42615E+02
 7.47070E+02
 7.51524E+02
 7.55975E+02
 7.60424E+02
 7.64870E+02
 7.69314E+02
 7.73756E+02
 7.78196E+02
 7.82633E+02
 7.87068E+02
 7.91500E+02
 7.95930E+02
 8.00358E+02
 8.04783E+02
 8.09207E+02
 8.13627E+02
 8.18046E+02
 8.22462E+02
 8.26876E+02
 8.31288E+02
 8.35697E+02
 8.40104E+02
 8.44509E+02
 8.48911E+02
 8.53311E+02
 8.57709E+02
 8.62104E+02
 8.66497E+02
 8.70888E+02
 8.75277E+02
 8.79663E+02
 8.84047E+02
 8.88429E+02
 8.92808E+02
 8.97185E+02
 9.01560E+02
 9.05932E+02
 9.10303E+02
 9.14671E+02
 9.19036E+02
 9.23400E+02
 9.27761E+02
 9.32120E+02
 9.36476E+02
 9.40831E+02
 9.45183E+02
 9.49532E+02
 9.53880E+02
 9.58225E+02
 9.62568E+02
 9.66909E+02
 9.71247E+02
 9.75584E+02
 9.79918E+02
 9.84249E+02
 9.88579E+02
 9.92906E+02
 9.97231E+02
 1.00155E+03
 1.00587E+03
 1.01019E+03
 1.01451E+03
 1.01882E+03
 1.02313E+03
 1.02744E+03
 1.03175E+03
 1.03605E+03
 1.04036E+03
 1.04466E+03
 1.04896E+03
 1.05325E+03
 1.05754E+03
 1.06184E+03
 1.06613E+03
 1.07041E+03
 1.07470E+03
 1.07898E+03
 1.08326E+03
 1.08754E+03
 1.09181E+03
 1.09609E+03
 1.10036E+03
 1.10463E+03
 1.10890E+03
 1.11316E+03
 1.11742E+03
 1.12168E+03
 1.12594E+03
 1.13020E+03
 1.13445E+03
 1.13870E+03
 1.14295E+03
 1.14720E+03
 1.15145E+03
 1.15569E+03
 1.15993E+03
 1.16417E+03
 1.16840E+03
 1.17264E+03
 1.17687E+03
 1.18110E+03
 1.18533E+03
 1.18955E+03
 1.19378E+03
 1.19800E+03
 1.20222E+03
 1.20643E+03
 1.21065E+03
 1.21486E+03
 1.21907E+03
 1.22328E+03
 1.22748E+03
 1.23169E+03
 1.23589E+03
 1.24009E+03
 1.24429E+03
 1.24848E+03
 1.25267E+03
 1.25686E+03
 1.26105E+03
 1.26524E+03
 1.26942E+03
 1.27361E+03
 1.27779E+03
 1.28196E+03
 1.28614E+03
 1.29031E+03
 1.29449E+03
 1.29866E+03
 1.30282E+03
 1.30699E+03
 1.31115E+03
 1.31531E+03
 1.31947E+03
 1.32363E+03
 1.32778E+03
 1.33193E+03
 1.33608E+03
 1.34023E+03
 1.34438E+03
 1.34852E+03
 1.35266E+03
 1.35680E+03
 1.36094E+03
 1.36508E+03
 1.36921E+03
 1.37334E+03
 1.37747E+03
 1.38160E+03
 1.38572E+03
 1.38984E+03
 1.39397E+03
 1.39808E+03
 1.40220E+03
 1.40631E+03
 1.41043E+03
 1.41454E+03
 1.41865E+03
 1.42275E+03
 1.42686E+03
 1.43096E+03
 1.43506E+03
 1.43915E+03
 1.44325E+03
 1.44734E+03
 1.45143E+03
 1.45552E+03
 1.45961E+03
 1.46370E+03
 1.46778E+03
 1.47186E+03
 1.47594E+03
 1.48002E+03
 1.48409E+03
 1.48816E+03
 1.49224E+03
 1.49630E+03
 1.50037E+03
 1.50443E+03
 1.50850E+03
 1.51256E+03
 1.51662E+03
 1.52067E+03
 1.52473E+03
 1.52878E+03
 1.53283E+03
 1.53688E+03
 1.54092E+03
 1.54497E+03
 1.54901E+03
 1.55305E+03
 1.55709E+03
 1.56112E+03
 1.56516E+03
 1.56919E+03
 1.57322E+03
 1.57725E+03
 1.58127E+03
 1.58529E+03
 1.58932E+03
 1.59334E+03
 1.59735E+03
 1.60137E+03
 1.60538E+03
 1.60939E+03
 1.61340E+03
 1.61741E+03
 1.62142E+03
 1.62542E+03
 1.62942E+03
 1.63342E+03
 1.63742E+03
 1.64141E+03
 1.64541E+03
 1.64940E+03
 1.65339E+03
 1.65737E+03
 1.66136E+03
 1.66534E+03
 1.66932E+03
 1.67330E+03
 1.67728E+03
 1.68126E+03
 1.68523E+03
 1.68920E+03
 1.69317E+03
 1.69714E+03
 1.70110E+03
 1.70506E+03
 1.70903E+03
 1.71299E+03
 1.71694E+03
 1.72090E+03
 1.72485E+03
 1.72880E+03
 1.73275E+03
 1.73670E+03
 1.74065E+03
 1.74459E+03
 1.74853E+03
 1.75247E+03
 1.75641E+03
 1.76034E+03
 1.76428E+03
 1.76821E+03
 1.77214E+03
 1.77607E+03
 1.77999E+03
 1.78392E+03
 1.78784E+03
 1.79176E+03
 1.79567E+03
 1.79959E+03
 1.80350E+03
 1.80742E+03
 1.81133E+03
 1.81524E+03
 1.81914E+03
 1.82305E+03
 1.82695E+03
 1.83085E+03
 1.83475E+03
 1.83864E+03
 1.84254E+03
 1.84643E+03
 1.85032E+03
 1.85421E+03
 1.85810E+03
 1.86198E+03
 1.86586E+03
 1.86975E+03
 1.87362E+03
 1.87750E+03
 1.88138E+03
 1.88525E+03
 1.88912E+03
 1.89299E+03
 1.89686E+03
 1.90072E+03
 1.90459E+03
 1.90845E+03
 1.91231E+03
 1.91617E+03
 1.92002E+03
 1.92388E+03
 1.92773E+03
 1.93158E+03
 1.93543E+03
 1.93927E+03
 1.94312E+03
 1.94696E+03
 1.95080E+03
 1.95464E+03
 1.95848E+03
 1.96231E+03
 1.96615E+03
 1.96998E+03
 1.97381E+03
 1.97763E+03
 1.98146E+03
 1.98528E+03
 1.98910E+03
 1.99292E+03
 1.99674E+03
 2.00056E+03
 2.00437E+03
 2.00819E+03
 2.01200E+03
 2.01580E+03
 2.01961E+03
 2.02342E+03
 2.02722E+03
 2.03102E+03
 2.03482E+03
 2.03862E+03
 2.04241E+03
 2.04621E+03
 2.05000E+03
 2.05379E+03
 2.05757E+03
 2.06136E+03
 2.06514E+03
 2.06893E+03
 2.07271E+03
 2.07649E+03
 2.08026E+03
 2.08404E+03
 2.08781E+03
 2.09158E+03
 2.09535E+03
 2.09912E+03
 2.10288E+03
 2.10665E+03
 2.11041E+03
 2.11417E+03
 2.11793E+03
 2.12169E+03
 2.12544E+03
 2.12919E+03
 2.13294E+03
 2.13669E+03
 2.14044E+03
 2.14418E+03
 2.14793E+03
 2.15167E+03
 2.15541E+03
 2.15915E+03
 2.16288E+03
 2.16662E+03
 2.17035E+03
 2.17408E+03
 2.17781E+03
 2.18154E+03
 2.18526E+03
 2.18899E+03
 2.19271E+03
 2.19643E+03
 2.20015E+03
 2.20386E+03
 2.20758E+03
 2.21129E+03
 2.21500E+03
 2.21871E+03
 2.22241E+03
 2.22612E+03
 2.22982E+03
 2.23352E+03
 2.23722E+03
 2.24092E+03
 2.24462E+03
 2.24831E+03
 2.25201E+03
 2.25570E+03
 2.25939E+03
 2.26307E+03
 2.26676E+03
 2.27044E+03
 2.27412E+03
 2.27780E+03
 2.28148E+03
 2.28516E+03
 2.28883E+03
 2.29250E+03
 2.29618E+03
 2.29985E+03
 2.30351E+03
 2.30718E+03
 2.31084E+03
 2.31450E+03
 2.31816E+03
 2.32182E+03
 2.32548E+03
 2.32914E+03
 2.33279E+03
 2.33644E+03
 2.34009E+03
 2.34374E+03
 2.34738E+03
 2.35103E+03
 2.35467E+03
 2.35831E+03
 2.36195E+03
 2.36559E+03
 2.36922E+03
 2.37286E+03
 2.37649E+03
 2.38012E+03
 2.38375E+03
 2.38737E+03
 2.39100E+03
 2.39462E+03
 2.39824E+03
 2.40186E+03
 2.40548E+03
 2.40910E+03
 2.41271E+03
 2.41632E+03
 2.41994E+03
 2.42355E+03
 2.42715E+03
 2.43076E+03
 2.43436E+03
 2.43796E+03
 2.44157E+03
 2.44516E+03
 2.44876E+03
 2.45236E+03
 2.45595E+03
 2.45954E+03
 2.46313E+03
 2.46672E+03
 2.47031E+03
 2.47389E+03
 2.47747E+03
 2.48106E+03
 2.48464E+03
 2.48821E+03
 2.49179E+03
 2.49536E+03
 2.49894E+03
 2.50251E+03
 2.50608E+03
 2.50965E+03
 2.51321E+03
 2.51678E+03
 2.52034E+03
 2.52390E+03
 2.52746E+03
 2.53102E+03
 2.53457E+03
 2.53812E+03
 2.54168E+03
 2.54523E+03
 2.54878E+03
 2.55232E+03
 2.55587E+03
 2.55941E+03
 2.56295E+03
 2.56650E+03
 2.57003E+03
 2.57357E+03
 2.57711E+03
 2.58064E+03
 2.58417E+03
 2.58770E+03
 2.59123E+03
 2.59476E+03
 2.59828E+03
 2.60181E+03
 2.60533E+03
 2.60885E+03
 2.61237E+03
 2.61588E+03
 2.61940E+03
 2.62291E+03
 2.62642E+03
 2.62993E+03
 2.63344E+03
 2.63695E+03
 2.64045E+03
 2.64395E+03
 2.64746E+03
 2.65096E+03
 2.65445E+03
 2.65795E+03
 2.66145E+03
 2.66494E+03
 2.66843E+03
 2.67192E+03
 2.67541E+03
 2.67889E+03
 2.68238E+03
 2.68586E+03
 2.68934E+03
 2.69282E+03
 2.69630E+03
 2.69978E+03
 2.70325E+03
 2.70673E+03
 2.71020E+03
 2.71367E+03
 2.71714E+03
 2.72060E+03
 2.72407E+03
 2.72753E+03
 2.73099E+03
 2.73445E+03
 2.73791E+03
 2.74137E+03
 2.74482E+03
 2.74828E+03
 2.75173E+03
 2.75518E+03
 2.75863E+03
 2.76207E+03
 2.76552E+03
 2.76896E+03
 2.77241E+03
 2.77585E+03
 2.77928E+03
 2.78272E+03
 2.78616E+03
 2.78959E+03
 2.79302E+03
 2.79645E+03
 2.79988E+03
 2.80331E+03
 2.80674E+03
 2.81016E+03
 2.81358E+03
 2.81700E+03
 2.82042E+03
 2.82384E+03
 2.82726E+03
 2.83067E+03
 2.83408E+03
 2.83749E+03
 2.84090E+03
 2.84431E+03
 2.84772E+03
 2.85112E+03
 2.85453E+03
 2.85793E+03
 2.86133E+03
 2.86473E+03
 2.86812E+03
 2.87152E+03
 2.87491E+03
 2.87830E+03
 2.88169E+03
 2.88508E+03
 2.88847E+03
 2.89185E+03
 2.89524E+03
 2.89862E+03
 2.90200E+03
 2.90538E+03
 2.90876E+03
 2.91213E+03
 2.91551E+03
 2.91888E+03
 2.92225E+03
 2.92562E+03
 2.92899E+03
 2.93236E+03
 2.93572E+03
 2.93908E+03
 2.94244E+03
 2.94580E+03
 2.94916E+03
 2.95252E+03
 2.95588E+03
 2.95923E+03
 2.96258E+03
 2.96593E+03
 2.96928E+03
 2.97263E+03
 2.97597E+03
 2.97932E+03
 2.98266E+03
 2.98600E+03
 2.98934E+03
 2.99268E+03
 2.99602E+03
 2.99935E+03
 3.00268E+03
 3.00602E+03
 3.00935E+03
 3.01268E+03
 3.01600E+03
 3.01933E+03
 3.02265E+03
 3.02597E+03
 3.02929E+03
 3.03261E+03
 3.03593E+03
 3.03925E+03
 3.04256E+03
 3.04588E+03
 3.04919E+03
 3.05250E+03
 3.05581E+03
 3.05911E+03
 3.06242E+03
 3.06572E+03
 3.06902E+03
 3.07232E+03
 3.07562E+03
 3.07892E+03
 3.08222E+03
 3.08551E+03
 3.08881E+03
 3.09210E+03
 3.09539E+03
 3.09867E+03
 3.10196E+03
 3.10525E+03
 3.10853E+03
 3.11181E+03
 3.11509E+03
 3.11837E+03
 3.12165E+03
 3.12493E+03
 3.12820E+03
 3.13147E+03
 3.13475E+03
 3.13802E+03
 3.14128E+03
 3.14455E+03
 3.14782E+03
 3.15108E+03
 3.15434E+03
 3.15760E+03
 3.16086E+03
 3.16412E+03
 3.16738E+03
 3.17063E+03
 3.17389E+03
 3.17714E+03
 3.18039E+03
 3.18364E+03
 3.18689E+03
 3.19013E+03
 3.19338E+03
 3.19662E+03
 3.19986E+03
 3.20310E+03
 3.20634E+03
 3.20957E+03
 3.21281E+03
 3.21604E+03
 3.21928E+03
 3.22251E+03
 3.22574E+03
 3.22896E+03
 3.23219E+03
 3.23541E+03
 3.23864E+03
 3.24186E+03
 3.24508E+03
 3.24830E+03
 3.25152E+03
 3.25473E+03
 3.25795E+03
 3.26116E+03
 3.26437E+03
 3.26758E+03
 3.27079E+03
 3.27400E+03
 3.27720E+03
 3.28041E+03
 3.28361E+03
 3.28681E+03
 3.29001E+03
 3.29321E+03
 3.29640E+03
 3.29960E+03
 3.30279E+03
 3.30599E+03
 3.30918E+03
 3.31237E+03
 3.31555E+03
 3.31874E+03
 3.32192E+03
 3.32511E+03
 3.32829E+03
 3.33147E+03
 3.33465E+03
 3.33783E+03
 3.34100E+03
 3.34418E+03
 3.34735E+03
 3.35052E+03
 3.35369E+03
 3.35686E+03
 3.36003E+03
 3.36319E+03
 3.36636E+03
 3.36952E+03
 3.37268E+03
 3.37584E+03
 3.37900E+03
 3.38216E+03
 3.38531E+03
 3.38847E+03
 3.39162E+03
 3.39477E+03
 3.39792E+03
 3.40107E+03
 3.40422E+03
 3.40736E+03
 3.41051E+03
 3.41365E+03
 3.41679E+03
 3.41993E+03
 3.42307E+03
 3.42621E+03
 3.42934E+03
 3.43248E+03
 3.43561E+03
 3.43874E+03
 3.44187E+03
 3.44500E+03
 3.44812E+03
 3.45125E+03
 3.45437E+03
 3.45750E+03
 3.46062E+03
 3.46374E+03
 3.46686E+03
 3.46997E+03
 3.47309E+03
 3.47620E+03
 3.47931E+03
 3.48243E+03
 3.48554E+03
 3.48864E+03
 3.49175E+03
 3.49486E+03
 3.49796E+03
 3.50106E+03
 3.50416E+03
 3.50726E+03
 3.51036E+03
 3.51346E+03
 3.51656E+03
 3.51965E+03
 3.52274E+03
 3.52583E+03
 3.52892E+03
 3.53201E+03
 3.53510E+03
 3.53819E+03
 3.54127E+03
 3.54435E+03
 3.54743E+03
 3.55051E+03
 3.55359E+03
 3.55667E+03
 3.55975E+03
 3.56282E+03
 3.56589E+03
 3.56897E+03
 3.57204E+03
 3.57510E+03
 3.57817E+03
 3.58124E+03
 3.58430E+03
 3.58737E+03
 3.59043E+03
 3.59349E+03
 3.59655E+03
 3.59961E+03
 3.60266E+03
 3.60572E+03
 3.60877E+03
 3.61182E+03
 3.61487E+03
 3.61792E+03
 3.62097E+03
 3.62402E+03
 3.62706E+03
 3.63011E+03
 3.63315E+03
 3.63619E+03
 3.63923E+03
 3.64227E+03
 3.64531E+03
 3.64834E+03
 3.65138E+03
 3.65441E+03
 3.65744E+03
 3.66047E+03
 3.66350E+03
 3.66653E+03
 3.66955E+03
 3.67258E+03
 3.67560E+03
 3.67862E+03
 3.68165E+03
 3.68466E+03
 3.68768E+03
 3.69070E+03
 3.69371E+03
 3.69673E+03
 3.69974E+03
 3.70275E+03
 3.70576E+03
 3.70877E+03
 3.71178E+03
 3.71478E+03
 3.71779E+03
 3.72079E+03
 3.72379E+03
 3.72679E+03
 3.72979E+03
 3.73279E+03
 3.73578E+03
 3.73878E+03
 3.74177E+03
 3.74477E+03
 3.74776E+03
 3.75075E+03
 3.75373E+03
 3.75672E+03
 3.75971E+03
 3.76269E+03
 3.76567E+03
 3.76865E+03
 3.77163E+03
 3.77461E+03
 3.77759E+03
 3.78057E+03
 3.78354E+03
 3.78651E+03
